1512350146
1449627412
290992187
1512350146
347597115
2111423732
1523969756
16151214
2705162086
1637381921
2773747428
2962759489
2705135751
3098885083
3356597656
1655606232
2939110980 
2958381129 
3035794799  
2513688735
3437259968  
2135315121  
3024470028  
3262410773  
1978468437  
781475883
2117785008
2273375717
3156588838
2173913454
704810784
437295648
1718415819
1718413885
1038784855
3330790633
3083046605
3085138408
179599164
394736713
3508397842
1373301911
2718939837
2184319182
3079408344  
2454039848
1803974407  
2805896882  
2826382368 
2821600863  
634450357  
3173941992
3164702641
3095486863
2147188667
3618489067
1466449586
2290077918
1761893915
1908703449
3452539086
2010089968
2541566003
2604966463
2267188307
437172159
550704309
2847436639
2587688914
1591806679
3306683239
2595069930
3246443902
2655007279
1782248742
2586136944
2657487778
2501512100  
2512638179  
2543930559  
591866341
1991475952  
2660457232  
3610432486 
2536426491 
1969337620  
2441416956 
3425276619 
772058561   
2744403761  
1690392172  
2754482219 
487138141   
2817862825  
2360931795
2877952032
3490932615
1097572170
3622913072
2664684116
1218613060
3464611921
2119451902
964655356